Nasion:	0.01735553	0.03287327	-0.001263335	
rTragus:	0.1059986	-0.009832323	-0.1143979	
lTragus:	0.1110803	0.015185	0.05043375	
Vertex:	0.08006868	0.1307861	-0.01361912	
Inion:	0.1999285	0.02959776	-0.08124991	
