Nasion:	0.02906451	0.03432316	-0.01295704	
rTragus:	0.09215227	0.003431559	-0.1348973	
lTragus:	0.1614423	0.03066134	0.009646147	
Vertex:	0.08885023	0.1512284	-0.05146058	
Inion:	0.1886402	0.03910345	-0.1295971	
