Nasion:	0.02323331	0.03392142	-0.006702811	
rTragus:	0.09043817	0.0103839	-0.1336853	
lTragus:	0.1674336	0.01820976	0.005048394	
Vertex:	0.08800592	0.1395384	-0.04751912	
Inion:	0.2042256	0.02929902	-0.113889	
