Nasion:	0.0286032	0.03088182	-0.01188035	
rTragus:	0.09345987	0.003256321	-0.1337406	
lTragus:	0.1627677	0.0193994	0.004916146	
Vertex:	0.07216194	0.2954324	-0.05109976	
Inion:	0.1986282	0.03649658	-0.1257941	
