Nasion:	0.02108535	0.03328484	-0.001754805	
rTragus:	0.09854591	0.0005213618	-0.1135847	
lTragus:	0.1386575	0.01960313	0.04324549	
Vertex:	0.08768612	0.1321614	-0.01236117	
Inion:	0.1988087	0.0326494	-0.0951643	
