Nasion:	0.02416018	0.02390999	-0.005672455	
rTragus:	0.08844963	0.005972147	-0.1317882	
lTragus:	0.1481903	0.009180725	0.01157862	
Vertex:	0.09778425	0.141854	-0.05558489	
Inion:	0.1975124	0.02790046	-0.1151293	
