Nasion:	0.02356623	0.02865237	-0.001665428	
rTragus:	0.100943	0.0002476573	-0.1211064	
lTragus:	0.1446037	0.002328455	0.03238186	
Vertex:	0.1072996	0.146451	-0.05537871	
Inion:	0.2037868	0.03718394	-0.1016321	
