Nasion:	0.02603179	0.0279544	0.005879566	
rTragus:	0.1229416	0.1414241	-0.02170798	
lTragus:	0.1163085	-0.007633805	-0.1055899	
Vertex:	0.2146894	0.02346873	-0.06331363	
Inion:	0.2064171	0.0290814	-0.07294253	
