Nasion:	0.01890692	0.02587837	-0.01746055	
rTragus:	0.0575244	0.009285271	-0.1480838	
lTragus:	0.1461301	0.03472978	-0.01529074	
Vertex:	0.07685896	0.1465375	-0.07788739	
Inion:	0.1823105	0.03264523	-0.1452423	
