Nasion:	0.02232835	0.02479631	0.002573222	
rTragus:	0.09150293	-0.006051302	-0.1214453	
lTragus:	0.1351585	0.01500106	0.03178182	
Vertex:	0.1049632	0.1388691	-0.05173633	
Inion:	0.2039166	0.02561134	-0.08505096	
