Nasion:	0.02423696	0.02937913	-0.002967283	
rTragus:	0.1040035	0.003187954	-0.1160508	
lTragus:	0.1440833	0.004738629	0.04003406	
Vertex:	0.0753222	0.1367639	-0.02889165	
Inion:	0.1941935	0.0460276	-0.0927638	
