Nasion:	0.009681225	0.02604067	0.009180993	
rTragus:	0.0790889	-0.0008681417	-0.1208278	
lTragus:	0.1399971	0.01342392	0.03278631	
Vertex:	0.08424401	0.1316952	-0.01701126	
Inion:	0.1901433	0.03857839	-0.08811778	
