Nasion:	0.01880035	0.03260648	-0.002025425	
rTragus:	0.09809193	-0.0005860925	-0.1179234	
lTragus:	0.114184	0.03195852	0.04421642	
Vertex:	0.09301567	0.1377542	-0.03435612	
Inion:	0.1911541	0.02810901	-0.09503675	
