Nasion:	0.0435065	0.0139659	-0.0184813	
rTragus:	0.06430721	-0.01763749	-0.1414444	
lTragus:	0.1609778	0.01795137	-0.004175246	
Vertex:	0.07684943	0.1345376	-0.05479385	
Inion:	0.1784634	0.01401854	-0.140663	
