Nasion:	0.02661708	0.01990336	-0.007057399	
rTragus:	0.08045429	-0.005434275	-0.1281035	
lTragus:	0.1242584	0.02601904	0.02741219	
Vertex:	0.09339941	0.1371065	-0.051401	
Inion:	0.1832871	0.03474581	-0.1138141	
