Nasion:	0.09246734	-0.009875476	-0.1183195	
rTragus:	0.08878627	-0.009305656	-0.1199899	
lTragus:	0.1490888	0.000266552	0.02812371	
Vertex:	0.07529435	0.1298437	-0.03398798	
Inion:	0.2034416	0.01474023	-0.09542725	
