Nasion:	0.0189635	0.03998774	-0.00713478	
rTragus:	0.1028632	0.006198466	-0.1182069	
lTragus:	0.1231415	0.04152191	0.03872328	
Vertex:	0.06639908	0.136497	-0.02235606	
Inion:	0.205961	0.04674751	-0.09166232	
