Nasion:	0.01472482	0.03495991	-0.001182318	
rTragus:	0.09338498	-0.006512344	-0.1190346	
lTragus:	0.2144958	0.01421785	-0.009730369	
Vertex:	0.07402691	0.1322808	-0.03218558	
Inion:	0.1952506	0.03170848	-0.0950488	
