Nasion:	0.02106515	0.03038615	-0.01085699	
rTragus:	0.1054154	0.004153192	-0.1194811	
lTragus:	0.1374325	0.009442806	0.03678809	
Vertex:	0.09609422	0.1452953	-0.03772743	
Inion:	0.2009226	0.03887951	-0.09658384	
