Nasion:	0.01631677	0.02195126	-0.008352485	
rTragus:	0.06086113	-0.0182786	-0.1318362	
lTragus:	0.1558151	-0.009729683	-0.005758669	
Vertex:	0.1090195	0.1332185	-0.06118357	
Inion:	0.1985634	0.01739287	-0.1118024	
