Nasion:	0.01138908	0.03756458	0.003406636	
rTragus:	0.1200829	0.02492696	-0.09360917	
lTragus:	0.07998926	0.04092461	0.06246318	
Vertex:	0.07561699	0.1435627	-0.0005432293	
Inion:	0.2293934	0.06800634	-0.02003499	
