Nasion:	0.01344756	0.03375277	0.0003332645	
rTragus:	0.04015394	0.01236841	-0.130316	
lTragus:	0.1307129	0.02059081	-0.002093807	
Vertex:	0.05496036	0.1384121	-0.03282978	
Inion:	0.1634593	0.03934398	-0.1415519	
