Nasion:	0.02781075	0.0316954	-0.01450192	
rTragus:	0.02219567	-0.04343605	-0.1323856	
lTragus:	0.1177499	-0.01707436	-0.007434627	
Vertex:	0.09311738	0.09222879	-0.07665424	
Inion:	0.1322194	-0.04531015	-0.1643156	
