Nasion:	0.01493144	0.03312611	-0.003252765	
rTragus:	0.05994225	-0.003395094	-0.1357048	
lTragus:	0.1264203	0.008477498	0.009014093	
Vertex:	0.07491633	0.132525	-0.03788358	
Inion:	0.1623726	0.04334152	-0.1343105	
