Nasion:	0.02132131	0.03924882	-0.01291375	
rTragus:	0.09423913	-0.01546419	-0.1250825	
lTragus:	0.1262188	0.04458261	0.02560252	
Vertex:	0.07051022	0.1310657	-0.03337501	
Inion:	0.2089498	0.0355503	-0.1067841	
