Nasion:	0.03113106	0.0370416	-0.01205038	
rTragus:	0.02847286	-0.04351325	-0.1420999	
lTragus:	0.1191232	-0.03954347	-0.007379704	
Vertex:	0.09192903	0.08926695	-0.05447085	
Inion:	0.1449577	-0.05105858	-0.1577358	
