Nasion:	0.01322323	0.03423113	0.0005868748	
rTragus:	-0.0003832281	0.01965004	-0.01795956	
lTragus:	-0.004457831	0.02796423	-0.009297542	
Vertex:	-0.01731741	0.01372999	-0.009632468	
Inion:	-0.03633666	0.02083766	-0.01116504	
