Nasion:	0.0211646	0.02313858	0.002471335	
rTragus:	0.05868453	0.03138399	-0.1746122	
lTragus:	0.1405967	0.04463929	0.07463501	
Vertex:	0.2059136	0.01046044	-0.1030486	
Inion:	0.107123	0.230363	-0.02939227	
