Nasion:	0.01822293	0.02956635	-0.0008381307	
rTragus:	0.09133124	-0.006725907	-0.1212401	
lTragus:	0.1391126	0.010813	0.02897239	
Vertex:	0.1149006	0.1401815	-0.05818182	
Inion:	0.1886022	0.02801025	-0.1052382	
