Nasion:	0.01745286	0.0307111	-0.001740652	
rTragus:	0.05434743	-0.006898751	-0.1329428	
lTragus:	0.1183065	-0.002174553	0.01295225	
Vertex:	0.06892271	0.1279253	-0.02710675	
Inion:	0.1698039	0.02917549	-0.1328069	
