Nasion:	0.05497832	0.03657065	-0.03438419	
rTragus:	0.0533895	-0.01508835	-0.1434853	
lTragus:	0.1250244	0.01669579	0.01060874	
Vertex:	0.07791455	0.1181578	-0.04445385	
Inion:	0.1670156	0.0154661	-0.1511165	
