Nasion:	0.01529402	0.03740537	-0.009803414	
rTragus:	0.09188214	-0.01327044	-0.1223603	
lTragus:	0.1100425	0.01801068	0.04240881	
Vertex:	0.09098452	0.1369616	-0.04009636	
Inion:	0.176902	0.04800677	-0.1081027	
