Nasion:	0.01330519	0.03723848	-0.003087148	
rTragus:	0.09210715	-0.002996087	-0.1222882	
lTragus:	0.1080643	0.03134698	0.03816271	
Vertex:	0.09077904	0.1340413	-0.03889291	
Inion:	0.1943277	0.03346455	-0.1009507	
