Nasion:	0.02752557	0.02620809	-0.01397478	
rTragus:	0.03215245	-0.04265933	-0.1430333	
lTragus:	0.1167972	-0.02039744	-0.00367174	
Vertex:	0.0879804	0.09184089	-0.06484843	
Inion:	0.1412894	-0.0287089	-0.1628279	
