Nasion:	0.01439156	0.04183269	0.01270661	
rTragus:	0.1159159	0.02265245	-0.09264459	
lTragus:	0.1053948	-0.02356204	0.0873886	
Vertex:	0.09018433	0.1485466	0.01259339	
Inion:	0.2065894	0.08018917	-0.0419205	
