Nasion:	0.00679484	-0.02261424	0.03514731	
rTragus:	0.2258934	-0.3112461	-0.1562044	
lTragus:	0.2258966	-0.3112486	-0.1562059	
Vertex:	0.225893	-0.3112469	-0.1562066	
Inion:	0.22589	-0.3112477	-0.1562035	
