Nasion:	0.01978675	0.0322302	-0.003589943	
rTragus:	0.09354827	-0.006746411	-0.1210021	
lTragus:	0.1259778	0.01571089	0.03721544	
Vertex:	0.09022546	0.1369265	-0.04227586	
Inion:	0.1887049	0.04301393	-0.09790406	
