Nasion:	0.01364622	0.02839718	-0.007454172	
rTragus:	0.05546664	-0.01094282	-0.1418407	
lTragus:	0.1132053	-0.01582223	0.01185669	
Vertex:	0.07790167	0.122427	-0.04815491	
Inion:	0.1525227	0.03360226	-0.1437224	
