Nasion:	0.01730802	0.03289968	-0.00122764	
rTragus:	0.1061002	-0.009598017	-0.1143236	
lTragus:	0.1110193	0.0153141	0.05052899	
Vertex:	0.07988626	0.1309132	-0.0134687	
Inion:	0.1999467	0.02994776	-0.08107691	
