Nasion:	0.03383392	0.01950854	0.003522871	
rTragus:	0.05820836	-0.003267629	-0.1311376	
lTragus:	0.1207918	-0.006749553	0.0161397	
Vertex:	0.06152573	0.1219197	-0.0388962	
Inion:	0.1565712	0.04389948	-0.1398167	
