Nasion:	-0.0394605	0.0631814	-0.01818907	
rTragus:	0.008353457	-0.02216241	-0.1429808	
lTragus:	0.06311882	-0.01064184	0.005555838	
Vertex:	0.02355788	0.17256	-0.06234672	
Inion:	0.1285183	0.08385259	-0.1444293	
