Nasion:	0.0113121	0.03364617	-0.001924805	
rTragus:	0.07531682	0.02110004	-0.1301118	
lTragus:	0.1007762	0.04384321	0.03465797	
Vertex:	0.07094973	0.1391868	-0.02520154	
Inion:	0.1875824	0.05372423	-0.117067	
