Nasion:	0.01731852	0.03010559	0.001999725	
rTragus:	0.07466638	0.01044035	-0.1304861	
lTragus:	0.09705666	0.05595487	0.03275312	
Vertex:	0.0744395	0.1388307	-0.02492939	
Inion:	0.1753062	0.05022883	-0.1238639	
