Nasion:	0.02223781	0.03213149	-0.003594548	
rTragus:	0.07587048	0.0100438	-0.1310894	
lTragus:	0.1131002	0.03037411	0.03024884	
Vertex:	0.08183792	0.1459201	-0.03862386	
Inion:	0.1837089	0.05654424	-0.1136728	
