Nasion:	-0.08258475	0.1082443	-0.01989661	
rTragus:	-0.1221981	0.08979094	-0.04159749	
lTragus:	-0.1203028	0.09089726	-0.04499058	
Vertex:	-0.1254684	0.09303087	-0.04597668	
Inion:	-0.1321315	0.1003482	-0.05178781	
