Nasion:	-0.08192037	0.0135538	0.03577578	
rTragus:	0.03842352	-0.02546871	-0.2174868	
lTragus:	0.1932283	0.04057497	0.08932714	
Vertex:	0.1034105	0.1393824	-0.06542464	
Inion:	0.2292498	0.008541465	-0.1971601	
