Nasion:	0.0123419	0.03323466	0.01192601	
rTragus:	0.0585192	0.01082128	-0.135254	
lTragus:	0.1074822	0.03188598	0.02360408	
Vertex:	0.04694993	0.1335525	-0.02868214	
Inion:	0.1650017	0.05054033	-0.1267992	
