Nasion:	0.0169895	0.02882802	-0.0009946935	
rTragus:	0.06591716	0.006228745	-0.1323974	
lTragus:	0.1170426	0.03119028	0.03203234	
Vertex:	0.07441866	0.1360172	-0.02570875	
Inion:	0.1784605	0.04960304	-0.1224671	
