Nasion:	0.0171221	0.03813779	0.001215391	
rTragus:	0.07761826	0.009711266	-0.1298397	
lTragus:	0.1101596	0.02846324	0.02957769	
Vertex:	0.06549732	0.1302578	-0.01785391	
Inion:	0.1836312	0.03922617	-0.1165846	
