Nasion:	0.02046394	0.04290438	-0.001089942	
rTragus:	0.07911047	0.01993567	-0.1319196	
lTragus:	0.1048684	0.04347247	0.0327251	
Vertex:	0.0701361	0.1449565	-0.02598772	
Inion:	0.1748281	0.07315999	-0.1301699	
