Nasion:	-0.04167599	0.05122268	-0.01826468	
rTragus:	0.02572039	0.05678159	-0.1058913	
lTragus:	0.1358662	0.01694471	0.03660583	
Vertex:	0.009004137	0.1739301	-0.04299293	
Inion:	0.1049601	0.06052679	-0.1462506	
