Nasion:	0.01324986	0.03546473	-0.006281617	
rTragus:	0.05750912	-0.008852532	-0.1386755	
lTragus:	0.1418988	0.001532812	-0.0008898199	
Vertex:	0.07330648	0.1274171	-0.03139948	
Inion:	0.1542218	0.01799794	-0.1438863	
