Nasion:	0.01516128	0.02418345	0.005662963	
rTragus:	0.05281515	0.009984553	-0.1352988	
lTragus:	0.1050173	0.02689385	0.02178709	
Vertex:	0.05024528	0.1402578	-0.04344316	
Inion:	0.1532976	0.05122375	-0.1348217	
