Nasion:	0.05360952	-0.3164851	-0.1533622	
rTragus:	0.05359027	-0.3164967	-0.1533415	
lTragus:	0.05357495	-0.3164967	-0.1533417	
Vertex:	0.05365095	-0.3164682	-0.15337	
Inion:	0.05360463	-0.316481	-0.1533568	
