Nasion:	0.02502738	0.02674448	-0.006607804	
rTragus:	0.07482284	-0.004932284	-0.1359528	
lTragus:	0.135955	0.0198862	0.01398529	
Vertex:	0.05336624	0.35746	-0.04034266	
Inion:	0.1836686	0.02496439	-0.1363676	
