Nasion:	0.01215885	0.02740526	0.005188361	
rTragus:	0.0537087	0.009906411	-0.1334253	
lTragus:	0.1062217	0.03364915	0.02237742	
Vertex:	0.05769507	0.1417598	-0.03721403	
Inion:	0.1606859	0.02380478	-0.1178529	
