Nasion:	0.01837935	0.03019971	-0.007234417	
rTragus:	0.08794311	-0.009664178	-0.126711	
lTragus:	0.1211236	0.0198096	0.02786927	
Vertex:	0.09891716	0.1303399	-0.03451284	
Inion:	0.1944934	0.02025199	-0.1134232	
