Nasion:	0.01300143	0.03641555	-0.009190103	
rTragus:	0.05824348	-0.008247529	-0.1395753	
lTragus:	0.1216829	-0.01423275	0.007246064	
Vertex:	0.06451604	0.1269651	-0.04501136	
Inion:	0.158199	0.02678042	-0.1470689	
