Nasion:	0.01092203	0.03063488	0.0003787875	
rTragus:	0.07028419	0.003664315	-0.1342886	
lTragus:	0.1144485	0.00573808	0.02392554	
Vertex:	0.06110452	0.1340863	-0.0166114	
Inion:	0.1662428	0.04823792	-0.1206227	
