Nasion:	0.01222096	0.02886	-0.004968678	
rTragus:	0.05320952	-0.01170359	-0.1372263	
lTragus:	0.1286767	0.007705586	0.01159994	
Vertex:	0.06148866	0.1129252	-0.03035507	
Inion:	0.1610809	0.02796561	-0.1417836	
