Nasion:	0.0172573	0.02360028	-0.02259775	
rTragus:	0.07399626	-0.006625593	-0.1361207	
lTragus:	0.1232146	0.01874721	0.01464688	
Vertex:	0.07441999	0.1276278	-0.04449842	
Inion:	0.1947949	0.01488829	-0.1197941	
