Nasion:	0.08777516	0.1393261	-0.03137206	
rTragus:	-0.1063869	0.3073183	0.09894477	
lTragus:	0.0256568	0.1608406	-0.0135908	
Vertex:	-0.1069302	0.309979	0.09628887	
Inion:	-0.1073734	0.3102567	0.09515454	
