Nasion:	0.02434382	0.02180487	0.001309365	
rTragus:	0.09203848	-0.01254803	-0.1216556	
lTragus:	0.1430369	0.01710933	0.02908146	
Vertex:	0.07472014	0.1282134	-0.02962625	
Inion:	0.1917231	0.04533392	-0.08927062	
