Nasion:	0.02053648	0.03263241	-0.005252302	
rTragus:	0.09129375	-0.004690647	-0.1238773	
lTragus:	0.1260303	0.02818966	0.03321941	
Vertex:	0.1036184	0.1381137	-0.05054462	
Inion:	0.1937115	0.03117824	-0.1021951	
