Nasion:	0.02050844	0.03121394	-0.002427354	
rTragus:	0.1005639	-0.002327263	-0.112377	
lTragus:	0.1151771	0.03286439	0.04535463	
Vertex:	0.1042469	0.1379141	-0.04731828	
Inion:	0.1972646	0.03603506	-0.08654936	
