Nasion:	0.02133539	0.03137705	-0.01089627	
rTragus:	0.02682709	-0.03596371	-0.1409057	
lTragus:	0.118707	-0.009150129	-0.01097672	
Vertex:	0.08435219	0.1004023	-0.07402214	
Inion:	0.1461805	-0.04133596	-0.1663407	
