Nasion:	0.01249379	0.02919322	0.01271498	
rTragus:	0.1385796	0.01157075	-0.0534074	
lTragus:	0.1080972	-0.01457885	0.1051432	
Vertex:	0.07904865	0.1350504	0.03788562	
Inion:	0.210286	0.03919244	0.02868033	
