Nasion:	0.01588294	0.03053635	-0.001454547	
rTragus:	0.08834833	-0.008231163	-0.124633	
lTragus:	0.1454704	-0.0004354119	0.02542613	
Vertex:	0.08786625	0.1365215	-0.03295384	
Inion:	0.1935494	0.03079623	-0.1010805	
