Nasion:	0.01786882	0.04387528	0.004412323	
rTragus:	0.07673043	0.04320419	-0.1509685	
lTragus:	0.1213463	0.03446358	0.05102889	
Vertex:	0.04927537	0.1785077	-0.006346956	
Inion:	0.1862089	0.02495289	-0.1172987	
