Nasion:	0.02752557	0.02620808	-0.01397478	
rTragus:	0.03215245	-0.04265931	-0.1430333	
lTragus:	0.1167972	-0.02039745	-0.003671745	
Vertex:	0.08798039	0.09184087	-0.06484843	
Inion:	0.1412894	-0.02870888	-0.1628279	
