Nasion:	9.313226E-09	0	0.06222903	
rTragus:	-0.0743058	-2.235174E-08	-0.06424642	
lTragus:	0.07430582	-7.450581E-09	0.002017379	
Vertex:	0.009261401	0.1044006	0.01778916	
Inion:	-0.01249065	0.04512751	-0.1313758	
