Nasion:	0.01059702	0.03074378	0.0006728694	
rTragus:	0.04735995	-0.003169298	-0.1151125	
lTragus:	0.1142168	0.006760538	0.02475139	
Vertex:	0.05980506	0.1348339	-0.01523201	
Inion:	0.1665427	0.05084229	-0.1191301	
