Nasion:	0.005039185	0.02220696	0.004043236	
rTragus:	0.07796678	-0.003412783	-0.1210533	
lTragus:	0.1386781	-0.0001162887	0.02697772	
Vertex:	0.09074673	0.1363924	-0.03576697	
Inion:	0.1847389	0.03033209	-0.08639257	
